0
0
0
0
0
0
-18
0
0.3
-0.15
0
0
36
0
-18
-15
0.65
-0.5
0
0
2
33
-18
-15
1.05
-0.85
0
0
34
3
-18
-15
1.5
-1.2
64
56
5
29
-18
-15
1.9
-1.55
64
56
29
-5
-18
-15
2.35
-1.95
104
96
-2
25
-18
-15
2.75
-2.45
132
121
27
-7.99994
-18
-15
2.75
-3.64999
58
48
-2.99997
25.0001
-18
-15
2.75
-4.39999
58
48
16
13.0001
-18
-15
2.75
-4.75
8.99995
3.00004
3.00003
1.00006
-1
0
2.40001
-4.59998
8.99976
3.00016
75.0001
76.0002
-59
-58
2.00001
-4.74998
8.99976
3.00016
75.0001
76.0002
-1.00002
1
1.90001
-5.24999
8.99976
3.00016
75.0001
76.0002
-1.00002
1
1.10001
-6.29999
8.99976
3.00016
56.0001
57.0002
-1.00002
1
0.2
-7.54994
8.99955
3.00028
56
57.0001
-1.00003
1
-0.35
-8.89994
8.99955
3.00028
73
74.0001
-1.00003
1
-0.300011
-9.29991
8.99932
3.00039
73.0001
74.0002
-50
-54
-1.05575e-05
-9.89991
176.999
170
1.00014
2.00021
-3.05176e-05
-1
