0
0
0
0
0
-29.6
0
0
0
0
-0.14
0.2
-1.02
0
0
0
0
-2.2
-39.8001
18
41.6001
51.4001
-1.18
-0.7
-2.54
0
0
0
0
-38.4001
13
-53.4001
41.6001
51.4001
-2.7
0.28
-4.15999
0
0
0
0
-2.79995
-47.0001
13.6001
41.6002
51.4001
-4.31999
-0.720001
-5.79999
0
0
0
0
-43.8
19.8001
-55.9999
41.6002
51.4001
-5.99999
0.319999
-7.38002
0
0
-69.8001
0
23.2002
-49.5999
14.0005
41.6002
51.4001
-7.83997
0.399998
-8.42008
0.74
0
-133.399
0
23.2002
-9.5997
-14.5992
11.0001
16.8
-8.75997
1.84
-8.42014
0.860001
0
-151.799
0
-14.3998
-9.59977
-14.5988
11.0002
16.8
-8.2599
2.12
-8.42014
0.859999
0.6
-131.801
0
31.2002
-9.59977
-14.5985
11.0002
16.8
-9.97984
2.85999
-8.42014
0.46
2.6
-74.6028
0
31.2001
-9.59977
-14.5981
11.0002
16.8
-12.4998
2.30001
-8.42014
0.080004
2.6
-20.0042
0
21.4001
-9.59977
-14.5977
11.0002
16.8
-9.41959
-0.539984
